  0.78926340351069868      -0.22757851620603711       0.22219602766194343       -8.5372054292610286E-002
 -0.49178166235749154      -0.42366502122793892       0.42058177087647919       0.39932616410167521     
  0.32390428373562802      -0.50193569123324844      -0.48214373380118231       0.17742106485051096      -0.39342435863961067       0.11767697980473371       -6.8559697102006364E-002   2.7850463737979721E-002
  0.72667631665997545       0.26018906900599031       0.23819877909282283      -0.13472217279045734       0.15710822621104684      -0.14080389663253512      -0.28274719328266090        7.2392708643790382E-002
  0.72868114921306026       0.15514892442646971       0.23718053382694029      -0.28807893525675532      -0.25109873652789355       0.13725200481539571       0.14007474553281921       -4.9249906216819635E-002
 -0.33057661219834567       0.39654139449664438       0.48058358262717304        6.8842597969274930E-002 -0.50694746721482031       0.11755844647582722       0.16772189422196301        3.8599387950910745E-002
 -0.48110241182289387      -0.42436887538143536      -0.42855279699177035      -0.38986097977803902     
 -0.79230513649286827       0.22208881651307893       0.22100984142441829       -6.9408564785604879E-002
  0.33875120293955441      -0.39639793859483352      -0.48719015458952575       -5.9944769342823674E-002  0.51239733327336290      -0.12475931723000278      -0.15601595274663785       -4.3948822216127267E-002
  0.74612129065507005       0.16595041150829928       0.24331660544901459      -0.28569917306869297      -0.26802412520165386       0.14764277747367396       0.14496167337595664       -6.5178084527346941E-002
  0.74653703629339285       0.12807845498337242       0.17741856293892119       0.10022634083062722       0.18131417608799960       -2.1959695884413290E-002   1.2751756815522496E-002  0.14834719422801498       0.12619266033168752      -0.36619208281027710       -2.5384570033834306E-002   2.7530595212860592E-002   9.4818547582390444E-002   2.8419262792962838E-002  0.15746507941538676       -8.2033340607009925E-002
 -0.42671281485722262       0.36107944086664318       0.29319842692062076      -0.19460194491011831       0.30059440098556234       -7.8578157354192754E-002  -4.1883900052081702E-002  0.21334828019188051       0.36015229524308534       0.19622321313178578       -8.6343739574612957E-002  -6.3016162524609726E-004 -0.19741171648116621        3.3041024080520923E-003  0.21645467825900530       -4.8546378965547969E-002
  0.41996475477891843      -0.29446168135490808      -0.29556078254141127        3.9764031451626575E-002 -0.36727407433207526        7.8666901436002842E-002  0.19039629154016288      -0.21260794336346192      -0.36547677486685204       0.19127875141950096        7.5242850801616468E-002 -0.22412233225579087      -0.18723862569563229       -2.4235507382885539E-002  -1.4408584282829700E-003   2.8647535722447399E-002
  0.74996828701859874       0.17751179887122945       0.18696716362803945        1.3348687822277215E-002  0.13208022340783529       -2.6438184787085275E-002   9.1907282217687930E-002  0.15478580421364099       0.13561910686885104        8.4149550596353831E-002  -2.2048547326634024E-002  0.15569451340886881      -0.34734003118470275        4.5435192997565835E-002   2.7703380114689109E-002  -8.5589283584758938E-002
  0.72990463524315519       0.23133582074707662       0.16958427567446543      -0.29389677845226653      -0.24794263915322670       0.14986605822972379       0.14613806260291110       -5.2310679176356574E-002
 -0.32281318490228794       0.48220423185738875       0.38257282194357461        6.0800632146528082E-002 -0.51587243956855922       0.15577286999932510       0.11851273921127257        3.1309690813638658E-002
  0.72966925242602987       0.25458833256875690       0.23448722518682039      -0.13619712005114490       0.15235970419965206      -0.14265918730626290      -0.27634672096484642        5.4361431441851751E-002
 -0.33323422051649365       0.51329520481000446       0.48587902573241121      -0.16759083987301843       0.40531196160407074      -0.12173302940798825        6.8365665463059624E-002  -4.1880234923836128E-002
  0.42084410056716620      -0.36286687785818300      -0.36078191366890877      -0.18315497154445209      -0.30520335191804449        7.4820016465546063E-002  0.18729931963736823       -1.0002137466287293E-002 -0.30356673597184214       0.18748632859053607        7.5137997025400069E-002  -1.1060287345291200E-002   3.5634131609972655E-002 -0.21040166661858142      -0.21460494753134385        5.1514265555425938E-002
  0.74880056303226616       0.13141901891055618       0.12725857149234668      -0.36064483612424530       0.17949962718404436       -1.9501761951928716E-002  0.10072646212423290        3.9519667313233330E-002  0.17418271365446641        9.5073379411469441E-002  -2.0614209828769946E-002   4.2388467931097379E-002   1.2049639411241979E-002  0.14201612759071380       0.14952318698572875       -8.5151562287291732E-002
  0.74634105237223691       0.17640182477663285       0.13278572191415441        9.3764392951831560E-002  0.13820768638014794       -2.4479002821267005E-002 -0.36310887224836480        3.7381032272302557E-002  0.17769525470614261        1.5729162029527236E-002  -2.3149537199505053E-002  0.15533499477337728        9.4486131124599262E-002  0.14963068737378812        3.0778899154038881E-002  -9.3002210341522076E-002
 -0.41999386457154114       0.30089949718198111       0.35497801406094187      -0.18959710419207368       0.36004015629117964       -7.2386754652758373E-002  0.19162147684778583        5.0176851134477321E-003  0.30506741477179788       -3.4627459940965624E-002  -7.7575924047769015E-002  0.21809435199886304      -0.19085586353219786       0.21616590711561601        8.6534069382825595E-004  -3.9852299146406409E-002
  0.32933342892485656      -0.48842317893330300      -0.51616218781582313       0.16475404355220677      -0.40848209705097138       -6.9898090634175167E-002  0.11444878015350099        4.5147511951965806E-002
  0.71706217156775487       0.23580039977067777       0.25916506503760689      -0.13720652949419843       0.15618294087594589      -0.27484022290567528      -0.13577428981915476        4.8716759529032136E-002
  0.48409502693175360      -0.42456490318447238      -0.42873364936389718       0.39124762896880516     
  0.79390966131171681       0.22182768419968540       0.22537833077709590        6.6601695798405969E-002
  0.72759391833930365       0.25373037385112213       0.15961554514286513      -0.14293683305739927       0.23408457657134341      -0.13107210009704695      -0.28824505500709302        5.2640671036902953E-002
 -0.33191732455988071       0.50502739437454003       0.39169796682886815      -0.12403292589454935       0.48369234501914532      -0.16918260955464862        6.7358783377649958E-002  -3.4690685144344299E-002
  0.33066120798963389      -0.39373134195337806       0.51175016224346581      -0.12526036132122731      -0.49013075099517467       -6.6767811680905786E-002 -0.15730045603386680       -3.9283930106395006E-002
  0.72098486402214701       0.16227047949859991      -0.26171048374911743       0.13950212282381813       0.23953400974671993      -0.28071753428691398       0.13909055071116511       -4.7718842680583656E-002
  0.79164848116679232      -0.22301725001267561       0.22248841540644546       -7.5604184368117763E-002
 -0.48821833992420782      -0.42259506833717608       0.42641050940957037       0.39540990008705007     
